01010101
01011001
01010000
01011111
10010011
01001011
01001011
01100000
10100110
10101100
11011101
10011111
00101101
01010110
10110001
10100101
10101001
00000011
11011101
10101001
01010110
10010101
01010000
10010000
10101001
01110001
01011100
10011111
00000110
10100011
11011101
10101001
00000000




11010001
11010100
10110001
01010011
01110010
01010101
10110001
01010011
01110001
01010110
10110001
11010001
01010110
10011001
01111011
10110001
11010001
00011000
01010011
10011100
00010010
10001011
11010010
10101010
00011000
10111110
11010010
00011000
11111001
00010010
10101001
01100011
00100100
10111110
11011101
00100111
11111100
10101001
01100011
10100011
01010000
00011000
10100110
11111001
10101001
00011110
01111101
10111110
11010001
00011000
10101010
11111001
11010010
10011100
11111111
10011111
00000101
10101001
00000000
