0000001001010010
0000100110010111
0000011011001000
0000111100001111
0000000000001101
0000000000000011
0000000000000000
0000000000000000
0000000000000000
0000000000000001
0000000000000011
0000000000000110
0000000000001010
0000000000001111
0000000000010101
0000000000011100
0000000000100100
0000000000101101
0000000000110111
0000000001000010
0000000001001110
0000000001011011
0000000001101001
0000000001111000
0000000010001000
0000000010011001
0000000010101011
0000000010111110
0000000011010010
0000000011100111
0000000011111101
0000000100010100
0000000100101100
0000000101000101
0000000101011111
0000000101111010
0000000110010110
0000000110110011
0000000111010001
0000000111110000
0000000000010000
0000001000110001
0000001001010011
0000001001110110
0000001010011010
0000001010111111
0000001011100101
0000001100001100
0000001100110100
0000001101011101
0000001110000111
0000001110110010
0000001111011110
0000010000001011
0000010000111001
0000010001101000
0000010010011000
0000010011001001
0000010011111011
0000010100101110
0000010101100010
0000010110010111
0000010111001101
0000011000000100
0000011000111100
0000011001110101
0000011010101111
0000011011101010
0000011100100110
0000011101100011
0000011110100001
0000011111100000
0000100000100000
0000100001100001
0000100010100011
0000100011100110
0000100100101010
0000100101101111
0000100110110101
0000100111111100
0000101001000100
0000101010001101
0000101011010111
0000101100100010
0000101101101110
0000101110111011
0000110000001001
0000110001011000
0000110010101000
0000110011111001
0000110101001011
0000110110011110
0000110111110010
0000111001000111
0000111010011101
0000111011110100
0000111101001100
0000111110100101
0000111111111111
0001000001011010
0001000010110110
0001000100010011
0001000101110001
0001000111010000
0001001000110000
0001001010010001
0001001011110011
0001001101010110