11010001
11010100
10110001
01010011
01110010
01010101
10110001
01010011
01110001
01010110
10110001
11010001
01010110
10011001
01111011
10110001
11010001
00011000
01010011
10011100
00010010
10001011
11010010
10101010
00011000
10111110
11010010
00011000
11111001
00010010
10101001
01100011
00100100
10111110
11011101
00100111
11111100
10101001
01100011
10100011
01010000
00011000
10100110
11111001
10101001
00011110
01111101
10111110
11010001
00011000
10101010
11111001
11010010
10011100
11111111
10011111
00000101
10101001
00000000
